2                        5.04432        
4                        4.02257        
8                        3.71531        
16                       2.06818        
32                       1.3183         
64                       1.02898        
128                      0.812437       
256                      0.425583       
512                      0.413114       
1024                     0.241515       
2048                     0.249556       
4096                     0.148291       
8192                     0.104876       
16384                    0.0679068      
32768                    0.0516962      
