# ./randemo6 N=1000 seed=1231
Location1	0.644792	0.473856	1	1	4
Location1	0.0361723	0.0285249	2	2	4
Location0	0.762846	0.80717	2	3	2.66667
Location1	0.387399	0.143305	3	4	3
Location1	0.0325623	0.199202	4	5	3.2
Location1	0.119225	0.269345	5	6	3.33333
Location1	0.979536	0.197966	6	7	3.42857
Location1	0.140461	0.280498	7	8	3.5
Location1	0.53028	0.288223	8	9	3.55556
Location1	0.372643	0.713171	9	10	3.6
Location1	0.550404	0.0733284	10	11	3.63636
Location1	0.671334	0.318747	11	12	3.66667
Location1	0.238004	0.551659	12	13	3.69231
Location1	0.683391	0.295533	13	14	3.71429
Location0	0.941422	0.784324	13	15	3.46667
Location1	0.475058	0.586214	14	16	3.5
Location1	0.258179	0.51123	15	17	3.52941
Location1	0.614739	0.0210255	16	18	3.55556
Location1	0.3184	0.00213762	17	19	3.57895
Location1	0.16433	0.350963	18	20	3.6
Location1	0.20134	0.283555	19	21	3.61905
Location1	0.620307	0.180876	20	22	3.63636
Location1	0.481521	0.760768	21	23	3.65217
Location1	0.461373	0.011801	22	24	3.66667
Location1	0.0489916	0.834017	23	25	3.68
Location1	0.724972	0.599396	24	26	3.69231
Location1	0.907345	0.396306	25	27	3.7037
Location1	0.918143	0.145349	26	28	3.71429
Location0	0.947965	0.601534	26	29	3.58621
Location1	0.440882	0.889386	27	30	3.6
Location1	0.385858	0.91594	28	31	3.6129
Location1	0.4756	0.644037	29	32	3.625
Location1	0.42717	0.0903387	30	33	3.63636
Location1	0.665063	0.74557	31	34	3.64706
Location1	0.0924763	0.829393	32	35	3.65714
Location1	0.0965328	0.293816	33	36	3.66667
Location1	0.112948	0.71684	34	37	3.67568
Location1	0.474692	0.594469	35	38	3.68421
Location0	0.477608	0.936065	35	39	3.58974
Location1	0.60627	0.5266	36	40	3.6
Location1	0.770082	0.331242	37	41	3.60976
Location1	0.125996	0.677427	38	42	3.61905
Location1	0.727548	0.0441394	39	43	3.62791
Location0	0.822777	0.675513	39	44	3.54545
Location1	0.645674	0.263659	40	45	3.55556
Location1	0.564899	0.0315316	41	46	3.56522
Location1	0.179598	0.0404994	42	47	3.57447
Location1	0.675569	0.606768	43	48	3.58333
Location1	0.130838	0.340632	44	49	3.59184
Location1	0.352338	0.223314	45	50	3.6
Location1	0.170024	0.448871	46	51	3.60784
Location1	0.517131	0.282972	47	52	3.61538
Location0	0.165711	0.991823	47	53	3.54717
Location0	0.877441	0.643319	47	54	3.48148
Location0	0.927888	0.483711	47	55	3.41818
Location1	0.169919	0.69797	48	56	3.42857
Location1	0.814953	0.295915	49	57	3.4386
Location1	0.375398	0.542502	50	58	3.44828
Location1	0.340055	0.198174	51	59	3.45763
Location0	0.218014	0.985728	51	60	3.4
Location1	0.461833	0.782914	52	61	3.40984
Location1	0.01726	0.641431	53	62	3.41935
Location0	0.823413	0.692829	53	63	3.36508
Location1	0.248199	0.954251	54	64	3.375
Location1	0.0334606	0.600537	55	65	3.38462
Location1	0.177566	0.203485	56	66	3.39394
Location1	0.0494077	0.694696	57	67	3.40299
Location1	0.486457	0.215119	58	68	3.41176
Location1	0.686519	0.363899	59	69	3.42029
Location0	0.858438	0.614407	59	70	3.37143
Location1	0.84761	0.0283575	60	71	3.38028
Location1	0.312377	0.662564	61	72	3.38889
Location1	0.324273	0.687775	62	73	3.39726
Location1	0.205065	0.664328	63	74	3.40541
Location1	0.885949	0.423079	64	75	3.41333
Location1	0.650056	0.347781	65	76	3.42105
Location1	0.205993	0.667316	66	77	3.42857
Location1	0.989212	0.0294061	67	78	3.4359
Location1	0.360145	0.237411	68	79	3.44304
Location0	0.983657	0.393606	68	80	3.4
Location1	0.837948	0.161223	69	81	3.40741
Location0	0.597091	0.887356	69	82	3.36585
Location1	0.855919	0.0835482	70	83	3.37349
Location1	0.102474	0.542438	71	84	3.38095
Location0	0.447447	0.960912	71	85	3.34118
Location1	0.156845	0.295057	72	86	3.34884
Location0	0.98927	0.469222	72	87	3.31034
Location0	0.957621	0.313543	72	88	3.27273
Location1	0.156997	0.162686	73	89	3.2809
Location1	0.977871	0.0429456	74	90	3.28889
Location1	0.585765	0.627927	75	91	3.2967
Location1	0.390727	0.791758	76	92	3.30435
Location1	0.295243	0.379939	77	93	3.31183
Location0	0.821164	0.655388	77	94	3.2766
Location0	0.617351	0.804821	77	95	3.24211
Location1	0.0489942	0.455299	78	96	3.25
Location0	0.966044	0.646085	78	97	3.21649
Location1	0.342654	0.821964	79	98	3.22449
Location1	0.729633	0.445129	80	99	3.23232
Location1	0.364402	0.17708	81	100	3.24
Location1	0.406041	0.521247	82	101	3.24752
Location1	0.472137	0.395311	83	102	3.2549
Location0	0.990469	0.429758	83	103	3.2233
Location1	0.708854	0.147466	84	104	3.23077
Location1	0.592444	0.686724	85	105	3.2381
Location1	0.190411	0.178209	86	106	3.24528
Location1	0.314651	0.581138	87	107	3.25234
Location0	0.969967	0.609894	87	108	3.22222
Location0	0.961078	0.791131	87	109	3.19266
Location1	0.265283	0.578428	88	110	3.2
Location1	0.595953	0.314277	89	111	3.20721
Location1	0.033727	0.561997	90	112	3.21429
Location0	0.960362	0.376381	90	113	3.18584
Location1	0.383961	0.689995	91	114	3.19298
Location0	0.82151	0.748362	91	115	3.16522
Location1	0.867075	0.227551	92	116	3.17241
Location1	0.269609	0.339213	93	117	3.17949
Location1	0.622862	0.260078	94	118	3.18644
Location1	0.768971	0.331715	95	119	3.19328
Location1	0.407543	0.361415	96	120	3.2
Location1	0.0184395	0.597955	97	121	3.20661
Location1	0.539623	0.333091	98	122	3.21311
Location1	0.179093	0.50959	99	123	3.21951
Location1	0.942985	0.140171	100	124	3.22581
Location1	0.300721	0.208268	101	125	3.232
Location0	0.7186	0.896674	101	126	3.20635
Location1	0.522545	0.752327	102	127	3.2126
Location1	0.458671	0.482907	103	128	3.21875
Location1	0.128708	0.842632	104	129	3.22481
Location1	0.172902	0.950218	105	130	3.23077
Location1	0.590994	0.0399774	106	131	3.23664
Location1	0.177768	0.860603	107	132	3.24242
Location1	0.37919	0.80063	108	133	3.24812
Location1	0.12068	0.148161	109	134	3.25373
Location1	0.132345	0.528224	110	135	3.25926
Location1	0.509576	0.150784	111	136	3.26471
Location1	0.126179	0.0491992	112	137	3.27007
Location1	0.483875	0.305272	113	138	3.27536
Location1	0.55879	0.42686	114	139	3.28058
Location1	0.445443	0.859511	115	140	3.28571
Location1	0.635128	0.164043	116	141	3.29078
Location1	0.756185	0.157673	117	142	3.29577
Location1	0.916369	0.214856	118	143	3.3007
Location1	0.640579	0.0450772	119	144	3.30556
Location1	0.0574878	0.813481	120	145	3.31034
Location0	0.995295	0.648482	120	146	3.28767
Location1	0.853459	0.173063	121	147	3.29252
Location1	0.509084	0.232649	122	148	3.2973
Location0	0.973693	0.629765	122	149	3.27517
Location1	0.38081	0.106038	123	150	3.28
Location1	0.157989	0.890386	124	151	3.28477
Location1	0.256822	0.284167	125	152	3.28947
Location0	0.939585	0.740697	125	153	3.26797
Location1	0.589439	0.498375	126	154	3.27273
Location1	0.167557	0.0348825	127	155	3.27742
Location1	0.357886	0.802685	128	156	3.28205
Location1	0.198925	0.114071	129	157	3.28662
Location1	0.960358	0.115295	130	158	3.29114
Location1	0.328927	0.600937	131	159	3.2956
Location1	0.160372	0.386415	132	160	3.3
Location1	0.414418	0.155667	133	161	3.30435
Location1	0.0348963	0.267877	134	162	3.30864
Location1	0.32873	0.543981	135	163	3.31288
Location1	0.500526	0.302422	136	164	3.31707
Location1	0.173745	0.881336	137	165	3.32121
Location1	0.40846	0.331734	138	166	3.3253
Location0	0.771722	0.665282	138	167	3.30539
Location1	0.615901	0.711307	139	168	3.30952
Location1	0.405979	0.20534	140	169	3.31361
Location1	0.209681	0.573536	141	170	3.31765
Location1	0.240223	0.567567	142	171	3.32164
Location1	0.376221	0.439148	143	172	3.32558
Location1	0.681638	0.336579	144	173	3.32948
Location1	0.554443	0.0105645	145	174	3.33333
Location0	0.937516	0.714814	145	175	3.31429
Location1	0.396979	0.351934	146	176	3.31818
Location1	0.870481	0.431876	147	177	3.32203
Location1	0.619811	0.19921	148	178	3.32584
Location1	0.975856	0.120336	149	179	3.32961
Location1	0.501633	0.149601	150	180	3.33333
Location1	0.0016717	0.910093	151	181	3.33702
Location1	0.481335	0.773393	152	182	3.34066
Location1	0.575375	0.0972359	153	183	3.34426
Location0	0.4847	0.981354	153	184	3.32609
Location1	0.302576	0.694381	154	185	3.32973
Location1	0.55489	0.542799	155	186	3.33333
Location1	0.261948	0.931112	156	187	3.3369
Location0	0.981947	0.943585	156	188	3.31915
Location1	0.267691	0.536389	157	189	3.32275
Location1	0.95415	0.205207	158	190	3.32632
Location1	0.251204	0.351129	159	191	3.32984
Location1	0.557141	0.121685	160	192	3.33333
Location1	0.783005	0.176951	161	193	3.33679
Location1	0.320895	0.758861	162	194	3.34021
Location1	0.297287	0.822528	163	195	3.34359
Location1	0.908462	0.298959	164	196	3.34694
Location1	0.73262	0.389797	165	197	3.35025
Location1	0.0723523	0.307995	166	198	3.35354
Location1	0.487033	0.557052	167	199	3.35678
Location1	0.289349	0.789609	168	200	3.36
Location1	0.251433	0.844239	169	201	3.36318
Location1	0.332408	0.513381	170	202	3.36634
Location1	0.775351	0.314355	171	203	3.36946
Location1	0.456966	0.0430422	172	204	3.37255
Location1	0.850744	0.411116	173	205	3.37561
Location1	0.248249	0.101948	174	206	3.37864
Location0	0.762245	0.80539	174	207	3.36232
Location1	0.223633	0.54525	175	208	3.36538
Location0	0.982341	0.544528	175	209	3.34928
Location1	0.304111	0.279628	176	210	3.35238
Location1	0.367056	0.212573	177	211	3.35545
Location1	0.578587	0.099676	178	212	3.35849
Location1	0.602371	0.65094	179	213	3.3615
Location1	0.407671	0.0894037	180	214	3.36449
Location1	0.207992	0.69702	181	215	3.36744
Location1	0.879013	0.459425	182	216	3.37037
Location1	0.54126	0.211421	183	217	3.37327
Location0	0.972806	0.316611	183	218	3.3578
Location1	0.525776	0.429772	184	219	3.36073
Location1	0.359653	0.376521	185	220	3.36364
Location0	0.840888	0.607902	185	221	3.34842
Location1	0.478469	0.603134	186	222	3.35135
Location1	0.413292	0.702101	187	223	3.35426
Location1	0.148384	0.395633	188	224	3.35714
Location1	0.246629	0.452495	189	225	3.36
Location1	0.675261	0.613685	190	226	3.36283
Location1	0.665068	0.253848	191	227	3.36564
Location1	0.713361	0.267439	192	228	3.36842
Location1	0.904788	0.121032	193	229	3.37118
Location1	0.356843	0.11278	194	230	3.37391
Location1	0.818052	0.235856	195	231	3.37662
Location1	0.572205	0.359312	196	232	3.37931
Location1	0.447277	0.54501	197	233	3.38197
Location0	0.675922	0.973053	197	234	3.36752
Location1	0.974782	0.0355754	198	235	3.37021
Location1	0.349574	0.815671	199	236	3.37288
Location0	0.643477	0.828043	199	237	3.35865
Location1	0.418804	0.0567689	200	238	3.36134
Location1	0.530144	0.567188	201	239	3.36402
Location1	0.452402	0.776773	202	240	3.36667
Location1	0.0196831	0.127663	203	241	3.36929
Location1	0.390458	0.684751	204	242	3.3719
Location1	0.381511	0.103819	205	243	3.37449
Location1	0.95219	0.286299	206	244	3.37705
Location1	0.224851	0.309033	207	245	3.37959
Location1	0.399079	0.0429027	208	246	3.38211
Location0	0.544889	0.971283	208	247	3.36842
Location0	0.402214	0.992166	208	248	3.35484
Location1	0.516294	0.0781367	209	249	3.35743
Location0	0.965219	0.491076	209	250	3.344
Location1	0.113712	0.314793	210	251	3.34661
Location1	0.306746	0.757189	211	252	3.34921
Location1	0.142835	0.725551	212	253	3.35178
Location0	0.813958	0.672979	212	254	3.33858
Location1	0.292739	0.26636	213	255	3.34118
Location1	0.449752	0.312422	214	256	3.34375
Location1	0.394022	0.84021	215	257	3.3463
Location0	0.997173	0.775533	215	258	3.33333
Location0	0.944029	0.949363	215	259	3.32046
Location1	0.0618323	0.16888	216	260	3.32308
Location1	0.258397	0.460911	217	261	3.32567
Location1	0.211782	0.803285	218	262	3.32824
Location1	0.432194	0.613997	219	263	3.3308
Location0	0.795451	0.948488	219	264	3.31818
Location0	0.692133	0.76067	219	265	3.30566
Location1	0.439564	0.805845	220	266	3.30827
Location1	0.0754624	0.74631	221	267	3.31086
Location1	0.563035	0.218298	222	268	3.31343
Location1	0.471861	0.376993	223	269	3.31599
Location0	0.891277	0.764599	223	270	3.3037
Location1	0.643353	0.341029	224	271	3.30627
Location1	0.0770207	0.0373755	225	272	3.30882
Location1	0.181239	0.0741938	226	273	3.31136
Location1	0.812909	0.125269	227	274	3.31387
Location1	0.0235573	0.874741	228	275	3.31636
Location1	0.294148	0.281954	229	276	3.31884
Location1	0.335652	0.505931	230	277	3.3213
Location1	0.0852392	0.767847	231	278	3.32374
Location1	0.119928	0.88069	232	279	3.32616
Location0	0.716334	0.812061	232	280	3.31429
Location1	0.64136	0.155898	233	281	3.31673
Location1	0.617906	0.716822	234	282	3.31915
Location1	0.902208	0.180941	235	283	3.32155
Location0	0.93512	0.374069	235	284	3.30986
Location1	0.557934	0.826397	236	285	3.31228
Location1	0.138668	0.201287	237	286	3.31469
Location1	0.167426	0.215688	238	287	3.31707
Location1	0.238663	0.348665	239	288	3.31944
Location1	0.289882	0.0515718	240	289	3.3218
Location1	0.473934	0.313439	241	290	3.32414
Location0	0.926313	0.768082	241	291	3.31271
Location1	0.595393	0.261965	242	292	3.31507
Location1	0.274013	0.680632	243	293	3.31741
Location1	0.0298118	0.393941	244	294	3.31973
Location1	0.561323	0.746146	245	295	3.32203
Location1	0.206002	0.202683	246	296	3.32432
Location0	0.902044	0.823908	246	297	3.31313
Location0	0.919505	0.804252	246	298	3.30201
Location1	0.00484927	0.854625	247	299	3.30435
Location1	0.178321	0.562784	248	300	3.30667
Location1	0.681022	0.316989	249	301	3.30897
Location0	0.764071	0.848448	249	302	3.29801
Location1	0.532677	0.00273404	250	303	3.30033
Location1	0.197113	0.822559	251	304	3.30263
Location1	0.0543059	0.671047	252	305	3.30492
Location1	0.135999	0.980619	253	306	3.30719
Location1	0.439129	0.731392	254	307	3.30945
Location1	0.242584	0.713142	255	308	3.31169
Location1	0.412024	0.272396	256	309	3.31392
Location1	0.107083	0.973347	257	310	3.31613
Location1	0.0185422	0.313084	258	311	3.31833
Location1	0.17603	0.920586	259	312	3.32051
Location1	0.136992	0.0955347	260	313	3.32268
Location1	0.724839	0.141842	261	314	3.32484
Location0	0.95016	0.90316	261	315	3.31429
Location1	0.704625	0.631182	262	316	3.31646
Location1	0.220148	0.468697	263	317	3.31861
Location1	0.479629	0.752825	264	318	3.32075
Location1	0.471431	0.676742	265	319	3.32288
Location1	0.575384	0.525736	266	320	3.325
Location1	0.347789	0.711383	267	321	3.3271
Location1	0.506355	0.786918	268	322	3.32919
Location1	0.442775	0.74894	269	323	3.33127
Location1	0.500061	0.854799	270	324	3.33333
Location1	0.0213355	0.607144	271	325	3.33538
Location1	0.828146	0.0398778	272	326	3.33742
Location1	0.920228	0.00417592	273	327	3.33945
Location1	0.960464	0.0572206	274	328	3.34146
Location1	0.0997106	0.685303	275	329	3.34347
Location1	0.199062	0.0498704	276	330	3.34545
Location0	0.588463	0.903688	276	331	3.33535
Location0	0.681052	0.808611	276	332	3.3253
Location1	0.372384	0.160681	277	333	3.32733
Location0	0.561436	0.843815	277	334	3.31737
Location1	0.837423	0.13682	278	335	3.3194
Location1	0.369551	0.185213	279	336	3.32143
Location0	0.848203	0.875907	279	337	3.31157
Location0	0.972131	0.290978	279	338	3.30178
Location1	0.624846	0.472192	280	339	3.30383
Location1	0.145777	0.646182	281	340	3.30588
Location1	0.0793354	0.973923	282	341	3.30792
Location0	0.68606	0.999564	282	342	3.29825
Location0	0.978099	0.646524	282	343	3.28863
Location1	0.0567841	0.07781	283	344	3.2907
Location1	0.331827	0.255846	284	345	3.29275
Location1	0.12768	0.920289	285	346	3.2948
Location1	0.159534	0.808732	286	347	3.29683
Location1	0.7289	0.531919	287	348	3.29885
Location0	0.969414	0.290336	287	349	3.2894
Location1	0.375733	0.806837	288	350	3.29143
Location1	0.427157	0.745285	289	351	3.29345
Location0	0.99205	0.27536	289	352	3.28409
Location0	0.621192	0.964181	289	353	3.27479
Location1	0.566338	0.246038	290	354	3.27684
Location1	0.436373	0.712115	291	355	3.27887
Location0	0.89222	0.515708	291	356	3.26966
Location1	0.686038	0.578279	292	357	3.27171
Location1	0.515272	0.664138	293	358	3.27374
Location1	0.224803	0.572056	294	359	3.27577
Location1	0.741948	0.55663	295	360	3.27778
Location0	0.827902	0.869628	295	361	3.2687
Location0	0.476919	0.987436	295	362	3.25967
Location1	0.67836	0.205819	296	363	3.26171
Location1	0.519355	0.647774	297	364	3.26374
Location0	0.496156	0.895088	297	365	3.25479
Location0	0.454611	0.923312	297	366	3.2459
Location1	0.640373	0.446661	298	367	3.24796
Location1	0.198672	0.261565	299	368	3.25
Location1	0.410842	0.76501	300	369	3.25203
Location1	0.507603	0.847214	301	370	3.25405
Location1	0.477124	0.399822	302	371	3.25606
Location1	0.362922	0.163163	303	372	3.25806
Location0	0.978101	0.878194	303	373	3.24933
Location1	0.827301	0.202904	304	374	3.25134
Location1	0.450249	0.569248	305	375	3.25333
Location1	0.759534	0.278152	306	376	3.25532
Location1	0.438876	0.236453	307	377	3.25729
Location1	0.265588	0.117237	308	378	3.25926
Location1	0.442272	0.784943	309	379	3.26121
Location0	0.765011	0.938428	309	380	3.25263
Location1	0.680031	0.219622	310	381	3.25459
Location1	0.86174	0.320404	311	382	3.25654
Location1	0.666283	0.0604118	312	383	3.25849
Location1	0.581969	0.0771241	313	384	3.26042
Location1	0.825421	0.0895716	314	385	3.26234
Location1	0.924338	0.302546	315	386	3.26425
Location1	0.489394	0.28726	316	387	3.26615
Location1	0.465709	0.467495	317	388	3.26804
Location1	0.165454	0.293009	318	389	3.26992
Location1	0.6704	0.615704	319	390	3.27179
Location1	0.862258	0.429934	320	391	3.27366
Location1	0.893855	0.301134	321	392	3.27551
Location1	0.666387	0.159443	322	393	3.27735
Location1	0.418371	0.108659	323	394	3.27919
Location1	0.944386	0.183382	324	395	3.28101
Location1	0.0470874	0.624417	325	396	3.28283
Location1	0.403004	0.908827	326	397	3.28463
Location1	0.944822	0.0692864	327	398	3.28643
Location0	0.969239	0.526791	327	399	3.2782
Location1	0.14641	0.794661	328	400	3.28
Location1	0.616362	0.0707488	329	401	3.2818
Location1	0.0972065	0.105756	330	402	3.28358
Location1	0.358009	0.562915	331	403	3.28536
Location1	0.573251	0.523463	332	404	3.28713
Location1	0.855924	0.243651	333	405	3.28889
Location1	0.139167	0.718182	334	406	3.29064
Location1	0.673585	0.0330225	335	407	3.29238
Location1	0.0193162	0.339972	336	408	3.29412
Location1	0.192466	0.437687	337	409	3.29584
Location1	0.448631	0.136852	338	410	3.29756
Location1	0.621069	0.495718	339	411	3.29927
Location1	0.761269	0.0240729	340	412	3.30097
Location1	0.404546	0.70609	341	413	3.30266
Location1	0.0933593	0.373785	342	414	3.30435
Location1	0.232881	0.23977	343	415	3.30602
Location1	0.168446	0.849243	344	416	3.30769
Location1	0.310519	0.265652	345	417	3.30935
Location0	0.954999	0.668528	345	418	3.30144
Location1	0.828567	0.528251	346	419	3.3031
Location1	0.191991	0.684492	347	420	3.30476
Location1	0.771901	0.331158	348	421	3.30641
Location1	0.402674	0.445486	349	422	3.30806
Location1	0.364181	0.42199	350	423	3.30969
Location1	0.785458	0.556647	351	424	3.31132
Location1	0.859677	0.234088	352	425	3.31294
Location1	0.693498	0.480747	353	426	3.31455
Location1	0.729807	0.454767	354	427	3.31616
Location1	0.504819	0.134352	355	428	3.31776
Location1	0.160858	0.598179	356	429	3.31935
Location1	0.508137	0.393739	357	430	3.32093
Location0	0.837948	0.676583	357	431	3.31323
Location1	0.242982	0.148467	358	432	3.31481
Location1	0.942235	0.197981	359	433	3.3164
Location0	0.816995	0.770803	359	434	3.30876
Location1	0.726232	0.00898586	360	435	3.31034
Location1	0.455294	0.498133	361	436	3.31193
Location1	0.340144	0.857968	362	437	3.3135
Location0	0.943619	0.704325	362	438	3.30594
Location1	0.279958	0.729077	363	439	3.30752
Location1	0.260972	0.139636	364	440	3.30909
Location0	0.963165	0.95447	364	441	3.30159
Location1	0.620382	0.692972	365	442	3.30317
Location1	0.409238	0.125202	366	443	3.30474
Location0	0.827324	0.570096	366	444	3.2973
Location1	0.72338	0.335462	367	445	3.29888
Location0	0.963835	0.561329	367	446	3.29148
Location1	0.012045	0.206817	368	447	3.29306
Location0	0.709796	0.95428	368	448	3.28571
Location1	0.404798	0.52679	369	449	3.28731
Location1	0.725083	0.13103	370	450	3.28889
Location1	0.535776	0.180377	371	451	3.29047
Location0	0.629164	0.87592	371	452	3.28319
Location1	0.0383454	0.572783	372	453	3.28477
Location1	0.580246	0.318304	373	454	3.28634
Location1	0.30186	0.841218	374	455	3.28791
Location1	0.45794	0.265025	375	456	3.28947
Location1	0.795688	0.0783219	376	457	3.29103
Location1	0.957997	0.204926	377	458	3.29258
Location1	0.203524	0.785321	378	459	3.29412
Location0	0.775021	0.926904	378	460	3.28696
Location1	0.120783	0.738856	379	461	3.2885
Location1	0.488233	0.132828	380	462	3.29004
Location1	0.945673	0.198028	381	463	3.29158
Location1	0.0871087	0.350471	382	464	3.2931
Location0	0.724819	0.812192	382	465	3.28602
Location1	0.481501	0.260595	383	466	3.28755
Location1	0.992569	0.110665	384	467	3.28908
Location1	0.136516	0.0309141	385	468	3.2906
Location1	0.683448	0.716761	386	469	3.29211
Location0	0.349218	0.985307	386	470	3.28511
Location1	0.557979	0.807157	387	471	3.28662
Location1	0.250333	0.353666	388	472	3.28814
Location1	0.885479	0.208329	389	473	3.28964
Location1	0.558592	0.089003	390	474	3.29114
Location0	0.993651	0.333613	390	475	3.28421
Location1	0.015907	0.114434	391	476	3.28571
Location1	0.0724692	0.50414	392	477	3.28721
Location1	0.247263	0.018142	393	478	3.2887
Location1	0.702168	0.334371	394	479	3.29019
Location1	0.368613	0.426987	395	480	3.29167
Location1	0.146563	0.850114	396	481	3.29314
Location1	0.687582	0.139132	397	482	3.29461
Location0	0.960779	0.824098	397	483	3.28778
Location1	0.170046	0.644227	398	484	3.28926
Location1	0.540859	0.519264	399	485	3.29072
Location1	0.629534	0.0988374	400	486	3.29218
Location1	0.326421	0.879867	401	487	3.29363
Location1	0.452504	0.2119	402	488	3.29508
Location1	0.0881964	0.011096	403	489	3.29652
Location1	0.300903	0.0818473	404	490	3.29796
Location1	0.344709	0.31681	405	491	3.29939
Location1	0.196282	0.417179	406	492	3.30081
Location1	0.82095	0.443544	407	493	3.30223
Location1	0.435321	0.523118	408	494	3.30364
Location0	0.777916	0.803934	408	495	3.29697
Location0	0.950105	0.924479	408	496	3.29032
Location1	0.654048	0.637688	409	497	3.29175
Location1	0.0636104	0.614827	410	498	3.29317
Location1	0.461785	0.233656	411	499	3.29459
Location1	0.259054	0.00264391	412	500	3.296
Location0	0.75292	0.888588	412	501	3.28942
Location1	0.101481	0.0793409	413	502	3.29084
Location1	0.768455	0.553985	414	503	3.29225
Location1	0.291241	0.856652	415	504	3.29365
Location1	0.565081	0.592145	416	505	3.29505
Location0	0.938499	0.909791	416	506	3.28854
Location1	0.908955	0.134781	417	507	3.28994
Location1	0.326969	0.729905	418	508	3.29134
Location1	0.578325	0.76229	419	509	3.29273
Location1	0.253024	0.356241	420	510	3.29412
Location1	0.566223	0.203129	421	511	3.2955
Location1	0.280719	0.220271	422	512	3.29688
Location1	0.840817	0.34433	423	513	3.29825
Location1	0.835098	0.302602	424	514	3.29961
Location1	0.577986	0.0941522	425	515	3.30097
Location1	0.305246	0.330906	426	516	3.30233
Location0	0.98274	0.406727	426	517	3.29594
Location1	0.410246	0.751196	427	518	3.2973
Location0	0.960712	0.701488	427	519	3.29094
Location1	0.607847	0.525794	428	520	3.29231
Location1	0.293633	0.546346	429	521	3.29367
Location1	0.435584	0.202588	430	522	3.29502
Location0	0.681127	0.762553	430	523	3.28872
Location1	0.932493	0.259452	431	524	3.29008
Location1	0.524843	0.185517	432	525	3.29143
Location1	0.615692	0.091066	433	526	3.29278
Location1	0.388646	0.896412	434	527	3.29412
Location1	0.311337	0.229463	435	528	3.29545
Location1	0.240741	0.146435	436	529	3.29679
Location1	0.532064	0.818727	437	530	3.29811
Location1	0.240588	0.83731	438	531	3.29944
Location1	0.149633	0.223328	439	532	3.30075
Location1	0.244037	0.559879	440	533	3.30206
Location1	0.974524	0.20475	441	534	3.30337
Location1	0.261367	0.582371	442	535	3.30467
Location1	0.730543	0.555	443	536	3.30597
Location1	0.128717	0.166127	444	537	3.30726
Location0	0.757588	0.809844	444	538	3.30112
Location0	0.92868	0.690081	444	539	3.29499
Location1	0.0692955	0.453523	445	540	3.2963
Location0	0.875597	0.684988	445	541	3.2902
Location1	0.544589	0.264243	446	542	3.29151
Location0	0.581399	0.855926	446	543	3.28545
Location1	0.493706	0.822141	447	544	3.28676
Location1	0.00236173	0.0257704	448	545	3.28807
Location1	0.640868	0.242949	449	546	3.28938
Location0	0.863081	0.790501	449	547	3.28336
Location1	0.466277	0.107118	450	548	3.28467
Location1	0.35038	0.440801	451	549	3.28597
Location1	0.311867	0.611747	452	550	3.28727
Location1	0.0231723	0.0424103	453	551	3.28857
Location1	0.166747	0.151889	454	552	3.28986
Location1	0.208537	0.924334	455	553	3.29114
Location1	0.961733	0.137218	456	554	3.29242
Location1	0.614415	0.0310289	457	555	3.29369
Location1	0.590741	0.490012	458	556	3.29496
Location1	0.716017	0.13533	459	557	3.29623
Location1	0.754256	0.297416	460	558	3.29749
Location0	0.991256	0.247962	460	559	3.29159
Location0	0.119557	0.993618	460	560	3.28571
Location1	0.273732	0.760425	461	561	3.28699
Location1	0.236567	0.136813	462	562	3.28826
Location1	0.550926	0.702845	463	563	3.28952
Location1	0.24393	0.901306	464	564	3.29078
Location1	0.143646	0.555798	465	565	3.29204
Location1	0.513053	0.166818	466	566	3.29329
Location1	0.598208	0.6798	467	567	3.29453
Location1	0.318708	0.806745	468	568	3.29577
Location1	0.604134	0.280441	469	569	3.29701
Location1	0.943963	0.21855	470	570	3.29825
Location1	0.31147	0.534704	471	571	3.29947
Location1	0.708562	0.0274866	472	572	3.3007
Location1	0.670034	0.462818	473	573	3.30192
Location1	0.324903	0.66129	474	574	3.30314
Location1	0.71078	0.44446	475	575	3.30435
Location0	0.654908	0.984512	475	576	3.29861
Location1	0.204884	0.891475	476	577	3.29983
Location1	0.121325	0.75581	477	578	3.30104
Location1	0.594319	0.365255	478	579	3.30225
Location1	0.657116	0.737965	479	580	3.30345
Location1	0.921053	0.170169	480	581	3.30465
Location0	0.904783	0.519261	480	582	3.29897
Location1	0.849969	0.223491	481	583	3.30017
Location1	0.326006	0.454103	482	584	3.30137
Location1	0.503932	0.269969	483	585	3.30256
Location0	0.672653	0.815402	483	586	3.29693
Location1	0.804673	0.381215	484	587	3.29813
Location1	0.842888	0.474706	485	588	3.29932
Location1	0.844033	0.167791	486	589	3.30051
Location1	0.135996	0.554812	487	590	3.30169
Location0	0.61225	0.790904	487	591	3.29611
Location1	0.539324	0.817135	488	592	3.2973
Location1	0.682378	0.660649	489	593	3.29848
Location1	0.572945	0.276698	490	594	3.29966
Location1	0.0259038	0.230061	491	595	3.30084
Location1	0.0146628	0.946956	492	596	3.30201
Location0	0.40023	0.919446	492	597	3.29648
Location1	0.466217	0.250199	493	598	3.29766
Location1	0.142937	0.792223	494	599	3.29883
Location1	0.704302	0.646868	495	600	3.3
Location1	0.0621921	0.376955	496	601	3.30116
Location1	0.46227	0.866865	497	602	3.30233
Location1	0.75817	0.305158	498	603	3.30348
Location1	0.341571	0.602203	499	604	3.30464
Location1	0.472949	0.477567	500	605	3.30579
Location1	0.157016	0.0851994	501	606	3.30693
Location1	0.268471	0.69634	502	607	3.30807
Location0	0.902334	0.950849	502	608	3.30263
Location1	0.356989	0.475279	503	609	3.30378
Location1	0.227547	0.382893	504	610	3.30492
Location1	0.70534	0.24221	505	611	3.30606
Location1	0.329849	0.10557	506	612	3.30719
Location1	0.161656	0.796066	507	613	3.30832
Location1	0.355769	0.304593	508	614	3.30945
Location1	0.588289	0.0600714	509	615	3.31057
Location0	0.951461	0.650481	509	616	3.30519
Location1	0.437027	0.413731	510	617	3.30632
Location1	0.517346	0.195197	511	618	3.30744
Location0	0.718889	0.858918	511	619	3.3021
Location1	0.7974	0.191838	512	620	3.30323
Location0	0.336485	0.954416	512	621	3.29791
Location1	0.277037	0.604956	513	622	3.29904
Location1	0.650755	0.179371	514	623	3.30016
Location1	0.555806	0.00774413	515	624	3.30128
Location0	0.654651	0.783353	515	625	3.296
Location1	0.390637	0.359991	516	626	3.29712
Location1	0.0255626	0.720486	517	627	3.29825
Location1	0.465561	0.187219	518	628	3.29936
Location1	0.516552	0.821331	519	629	3.30048
Location1	0.491811	0.104841	520	630	3.30159
Location1	0.881402	0.443272	521	631	3.30269
Location1	0.755322	0.318429	522	632	3.3038
Location1	0.857003	0.272669	523	633	3.3049
Location1	0.513625	0.575892	524	634	3.30599
Location1	0.131586	0.311025	525	635	3.30709
Location1	0.767729	0.468071	526	636	3.30818
Location1	0.265441	0.0447663	527	637	3.30926
Location1	0.0730273	0.916196	528	638	3.31034
Location1	0.224138	0.628833	529	639	3.31142
Location0	0.92394	0.878788	529	640	3.30625
Location1	0.412185	0.314577	530	641	3.30733
Location1	0.23878	0.437748	531	642	3.30841
Location1	0.0350628	0.704341	532	643	3.30949
Location1	0.624967	0.551615	533	644	3.31056
Location1	0.525672	0.116778	534	645	3.31163
Location1	0.656456	0.407074	535	646	3.31269
Location1	0.56005	0.411778	536	647	3.31376
Location1	0.725502	0.417053	537	648	3.31481
Location1	0.684447	0.239128	538	649	3.31587
Location0	0.992944	0.816033	538	650	3.31077
Location1	0.550153	0.760673	539	651	3.31183
Location1	0.284104	0.815594	540	652	3.31288
Location1	0.80544	0.357131	541	653	3.31394
Location1	0.73179	0.0295775	542	654	3.31498
Location0	0.985964	0.655731	542	655	3.30992
Location1	0.908366	0.39815	543	656	3.31098
Location1	0.970308	0.147146	544	657	3.31202
Location1	0.835898	0.00537074	545	658	3.31307
Location1	0.851487	0.460864	546	659	3.31411
Location1	0.556985	0.377158	547	660	3.31515
Location1	0.577642	0.213441	548	661	3.31619
Location1	0.784232	0.137692	549	662	3.31722
Location1	0.625219	0.509734	550	663	3.31825
Location1	0.554744	0.309666	551	664	3.31928
Location1	0.748862	0.547688	552	665	3.3203
Location1	0.125698	0.299015	553	666	3.32132
Location1	0.308362	0.409802	554	667	3.32234
Location1	0.114609	0.113802	555	668	3.32335
Location0	0.766934	0.846399	555	669	3.31839
Location1	0.143379	0.752898	556	670	3.3194
Location1	0.50213	0.0517453	557	671	3.32042
Location1	0.151048	0.472438	558	672	3.32143
Location0	0.198891	0.986946	558	673	3.31649
Location1	0.477809	0.0503776	559	674	3.31751
Location1	0.44781	0.034794	560	675	3.31852
Location1	0.427536	0.025452	561	676	3.31953
Location1	0.248235	0.211768	562	677	3.32053
Location1	0.163144	0.873454	563	678	3.32153
Location0	0.721502	0.717888	563	679	3.31664
Location1	0.183119	0.470363	564	680	3.31765
Location1	0.265577	0.308818	565	681	3.31865
Location1	0.769378	0.573939	566	682	3.31965
Location0	0.71862	0.883987	566	683	3.31479
Location1	0.68774	0.485554	567	684	3.31579
Location0	0.730386	0.83112	567	685	3.31095
Location1	0.238452	0.232516	568	686	3.31195
Location1	0.882865	0.3895	569	687	3.31295
Location1	0.704954	0.0817557	570	688	3.31395
Location1	0.376446	0.182763	571	689	3.31495
Location1	0.132133	0.824256	572	690	3.31594
Location1	0.217557	0.559669	573	691	3.31693
Location1	0.849708	0.465792	574	692	3.31792
Location1	0.771437	0.0128517	575	693	3.3189
Location1	0.339246	0.492939	576	694	3.31988
Location1	0.73074	0.522365	577	695	3.32086
Location0	0.963302	0.996316	577	696	3.31609
Location0	0.831183	0.73268	577	697	3.31133
Location1	0.570255	0.549803	578	698	3.31232
Location1	0.616667	0.257995	579	699	3.3133
Location1	0.0353571	0.347054	580	700	3.31429
Location1	0.0891147	0.273809	581	701	3.31526
Location0	0.57957	0.97198	581	702	3.31054
Location1	0.66331	0.284524	582	703	3.31152
Location1	0.0537353	0.0397554	583	704	3.3125
Location1	0.467287	0.185869	584	705	3.31348
Location0	0.864011	0.684844	584	706	3.30878
Location0	0.745538	0.713719	584	707	3.3041
Location1	0.150635	0.516975	585	708	3.30508
Location1	0.726571	0.489881	586	709	3.30606
Location1	0.0099133	0.457311	587	710	3.30704
Location1	0.012246	0.973215	588	711	3.30802
Location1	0.453627	0.843429	589	712	3.30899
Location1	0.705896	0.0238818	590	713	3.30996
Location1	0.393232	0.322563	591	714	3.31092
Location1	0.281877	0.428589	592	715	3.31189
Location1	0.669617	0.370992	593	716	3.31285
Location1	0.702398	0.249187	594	717	3.31381
Location1	0.342971	0.365708	595	718	3.31476
Location1	0.533711	0.396706	596	719	3.31572
Location1	0.405463	0.000998032	597	720	3.31667
Location1	0.582575	0.269475	598	721	3.31761
Location1	0.685842	0.328113	599	722	3.31856
Location0	0.983194	0.836477	599	723	3.31397
Location0	0.845088	0.709764	599	724	3.30939
Location1	0.326358	0.855001	600	725	3.31034
Location1	0.167075	0.338604	601	726	3.31129
Location0	0.828216	0.620702	601	727	3.30674
Location1	0.182033	0.534112	602	728	3.30769
Location1	0.644584	0.575265	603	729	3.30864
Location0	0.856675	0.926461	603	730	3.30411
Location1	0.00385353	0.526292	604	731	3.30506
Location1	0.297452	0.706252	605	732	3.30601
Location0	0.775479	0.640423	605	733	3.3015
Location1	0.0719598	0.30919	606	734	3.30245
Location1	0.03713	0.477423	607	735	3.3034
Location1	0.310188	0.619705	608	736	3.30435
Location0	0.746898	0.99603	608	737	3.29986
Location0	0.947818	0.730091	608	738	3.29539
Location0	0.832507	0.792905	608	739	3.29093
Location1	0.439856	0.158865	609	740	3.29189
Location1	0.647906	0.60693	610	741	3.29285
Location1	0.497469	0.476122	611	742	3.2938
Location1	0.227632	0.679502	612	743	3.29475
Location1	0.0102345	0.872216	613	744	3.2957
Location1	0.254766	0.86691	614	745	3.29664
Location1	0.798676	0.25862	615	746	3.29759
Location1	0.393202	0.0961287	616	747	3.29853
Location1	0.964872	0.168681	617	748	3.29947
Location1	0.736552	0.0368316	618	749	3.3004
Location1	0.477871	0.773682	619	750	3.30133
Location1	0.514255	0.788059	620	751	3.30226
Location1	0.393387	0.261152	621	752	3.30319
Location1	0.784089	0.341205	622	753	3.30412
Location0	0.991243	0.616596	622	754	3.29973
Location1	0.134111	0.431099	623	755	3.30066
Location0	0.775461	0.782017	623	756	3.2963
Location1	0.0380295	0.27293	624	757	3.29723
Location1	0.258139	0.265662	625	758	3.29815
Location1	0.952432	0.268374	626	759	3.29908
Location1	0.137878	0.207198	627	760	3.3
Location1	0.135283	0.936554	628	761	3.30092
Location1	0.465818	0.528485	629	762	3.30184
Location1	0.0326827	0.43069	630	763	3.30275
Location0	0.697166	0.769235	630	764	3.29843
Location1	0.467522	0.175037	631	765	3.29935
Location0	0.542917	0.981776	631	766	3.29504
Location0	0.963096	0.936304	631	767	3.29074
Location1	0.242929	0.747186	632	768	3.29167
Location1	0.277509	0.234172	633	769	3.29259
Location1	0.363782	0.41162	634	770	3.29351
Location1	0.665271	0.139243	635	771	3.29442
Location1	0.193637	0.703301	636	772	3.29534
Location1	0.412174	0.451776	637	773	3.29625
Location0	0.968962	0.364606	637	774	3.29199
Location1	0.72015	0.10684	638	775	3.2929
Location0	0.571804	0.855433	638	776	3.28866
Location1	0.0433937	0.0376222	639	777	3.28958
Location1	0.383918	0.0760764	640	778	3.29049
Location1	0.468312	0.0810845	641	779	3.2914
Location0	0.845311	0.935834	641	780	3.28718
Location1	0.256122	0.388228	642	781	3.28809
Location1	0.91761	0.219218	643	782	3.289
Location1	0.324533	0.160539	644	783	3.28991
Location0	0.966404	0.602042	644	784	3.28571
Location1	0.394711	0.330186	645	785	3.28662
Location1	0.0136621	0.0599818	646	786	3.28753
Location1	0.469429	0.207299	647	787	3.28844
Location0	0.763282	0.881602	647	788	3.28426
Location1	0.659075	0.732245	648	789	3.28517
Location1	0.246208	0.379225	649	790	3.28608
Location0	0.839084	0.818012	649	791	3.28192
Location1	0.234658	0.882478	650	792	3.28283
Location0	0.855634	0.618577	650	793	3.27869
Location0	0.958554	0.323946	650	794	3.27456
Location0	0.699661	0.803866	650	795	3.27044
Location1	0.25978	0.955783	651	796	3.27136
Location1	0.192094	0.17739	652	797	3.27227
Location1	0.175001	0.516627	653	798	3.27318
Location1	0.337929	0.141405	654	799	3.27409
Location1	0.118669	0.73264	655	800	3.275
Location1	0.47159	0.132331	656	801	3.27591
Location0	0.792622	0.941019	656	802	3.27182
Location1	0.33963	0.555904	657	803	3.27273
Location0	0.822622	0.998705	657	804	3.26866
Location1	0.288149	0.0688298	658	805	3.26957
Location1	0.37793	0.127233	659	806	3.27047
Location0	0.886842	0.612588	659	807	3.26642
Location1	0.00971092	0.742476	660	808	3.26733
Location1	0.231164	0.968265	661	809	3.26823
Location1	0.0664224	0.930825	662	810	3.26914
Location1	0.772131	0.326203	663	811	3.27004
Location0	0.886608	0.964225	663	812	3.26601
Location1	0.503593	0.0616088	664	813	3.26691
Location1	0.480852	0.841522	665	814	3.26781
Location1	0.203013	0.599521	666	815	3.26871
Location1	0.574162	0.674604	667	816	3.26961
Location1	0.731852	0.366783	668	817	3.2705
Location1	0.615623	0.0714818	669	818	3.27139
Location0	0.922687	0.438245	669	819	3.2674
Location1	0.0701866	0.210836	670	820	3.26829
Location1	0.507074	0.448116	671	821	3.26918
Location1	0.338069	0.393916	672	822	3.27007
Location1	0.0607039	0.34778	673	823	3.27096
Location1	0.136392	0.291868	674	824	3.27184
Location1	0.316045	0.202814	675	825	3.27273
Location1	0.222694	0.0881761	676	826	3.27361
Location1	0.529017	0.109302	677	827	3.27449
Location1	0.0524015	0.0326101	678	828	3.27536
Location1	0.170911	0.533254	679	829	3.27624
Location1	0.874132	0.373924	680	830	3.27711
Location1	0.132775	0.448294	681	831	3.27798
Location1	0.0485275	0.864627	682	832	3.27885
Location0	0.815077	0.66415	682	833	3.27491
Location0	0.936109	0.737764	682	834	3.27098
Location1	0.102395	0.0062951	683	835	3.27186
Location0	0.9486	0.609469	683	836	3.26794
Location1	0.454411	0.286669	684	837	3.26882
Location1	0.00338532	0.515115	685	838	3.26969
Location1	0.634448	0.139777	686	839	3.27056
Location0	0.806983	0.950493	686	840	3.26667
Location1	0.342592	0.0296771	687	841	3.26754
Location1	0.0386695	0.871609	688	842	3.26841
Location1	0.138979	0.091071	689	843	3.26928
Location1	0.904219	0.309889	690	844	3.27014
Location1	0.624325	0.778351	691	845	3.27101
Location0	0.683813	0.757099	691	846	3.26714
Location1	0.226645	0.732341	692	847	3.268
Location1	0.621726	0.0417221	693	848	3.26887
Location1	0.396491	0.557835	694	849	3.26973
Location1	0.779487	0.498886	695	850	3.27059
Location1	0.56413	0.728087	696	851	3.27145
Location1	0.108355	0.0185409	697	852	3.2723
Location1	0.0147557	0.11174	698	853	3.27315
Location1	0.533656	0.649204	699	854	3.274
Location1	0.251518	0.34064	700	855	3.27485
Location1	0.599697	0.59411	701	856	3.2757
Location1	0.370317	0.638367	702	857	3.27655
Location1	0.465718	0.509295	703	858	3.27739
Location1	0.729438	0.369937	704	859	3.27823
Location1	0.819185	0.353762	705	860	3.27907
Location1	0.148288	0.502998	706	861	3.27991
Location1	0.110862	0.374933	707	862	3.28074
Location1	0.235338	0.732588	708	863	3.28158
Location1	0.416656	0.631829	709	864	3.28241
Location1	0.290422	0.196142	710	865	3.28324
Location1	0.130715	0.854552	711	866	3.28406
Location1	0.924229	0.23907	712	867	3.28489
Location0	0.873093	0.938985	712	868	3.28111
Location1	0.350811	0.406749	713	869	3.28193
Location1	0.588189	0.602329	714	870	3.28276
Location1	0.747389	0.187886	715	871	3.28358
Location1	0.196438	0.117705	716	872	3.2844
Location0	0.826253	0.662157	716	873	3.28064
Location1	0.627001	0.555691	717	874	3.28146
Location1	0.032094	0.446185	718	875	3.28229
Location1	0.909453	0.180382	719	876	3.28311
Location1	0.949183	0.0203151	720	877	3.28392
Location1	0.555316	0.184522	721	878	3.28474
Location0	0.752903	0.971972	721	879	3.281
Location1	0.816351	0.0433253	722	880	3.28182
Location1	0.168114	0.947066	723	881	3.28263
Location1	0.897877	0.0923427	724	882	3.28345
Location1	0.186136	0.77097	725	883	3.28426
Location1	0.0313274	0.536947	726	884	3.28507
Location1	0.177719	0.619516	727	885	3.28588
Location1	0.139276	0.925108	728	886	3.28668
Location1	0.807402	0.335714	729	887	3.28749
Location1	0.0428133	0.633655	730	888	3.28829
Location0	0.99787	0.669814	730	889	3.28459
Location1	0.189346	0.0299643	731	890	3.28539
Location1	0.115999	0.0987996	732	891	3.2862
Location1	0.210347	0.0651826	733	892	3.287
Location1	0.119115	0.765663	734	893	3.28779
Location1	0.249704	0.872018	735	894	3.28859
Location1	0.737634	0.0660551	736	895	3.28939
Location0	0.915343	0.905748	736	896	3.28571
Location1	0.0131212	0.81322	737	897	3.28651
Location0	0.998091	0.199258	737	898	3.28285
Location1	0.58419	0.0294181	738	899	3.28365
Location0	0.736205	0.761909	738	900	3.28
Location0	0.648934	0.87548	738	901	3.27636
Location1	0.687017	0.456337	739	902	3.27716
Location1	0.211194	0.729831	740	903	3.27796
Location1	0.0899919	0.209065	741	904	3.27876
Location1	0.399645	0.279338	742	905	3.27956
Location1	0.239029	0.515644	743	906	3.28035
Location1	0.378138	0.449376	744	907	3.28115
Location1	0.580827	0.497252	745	908	3.28194
Location1	0.215038	0.830531	746	909	3.28273
Location0	0.36927	0.952673	746	910	3.27912
Location1	0.896586	0.284613	747	911	3.27991
Location0	0.858421	0.909707	747	912	3.27632
Location1	0.097833	0.856511	748	913	3.27711
Location1	0.108965	0.682023	749	914	3.2779
Location0	0.88593	0.84517	749	915	3.27432
Location1	0.443933	0.534864	750	916	3.27511
Location1	0.72065	0.13095	751	917	3.2759
Location0	0.9912	0.931844	751	918	3.27233
Location1	0.860781	0.0811923	752	919	3.27312
Location1	0.140909	0.260426	753	920	3.27391
Location1	0.36053	0.379937	754	921	3.2747
Location0	0.77607	0.738668	754	922	3.27115
Location1	0.829313	0.356897	755	923	3.27194
Location1	0.23592	0.0443516	756	924	3.27273
Location1	0.187428	0.605191	757	925	3.27351
Location0	0.997024	0.0840136	757	926	3.26998
Location0	0.889803	0.855445	757	927	3.26645
Location0	0.993721	0.987636	757	928	3.26293
Location1	0.711957	0.102686	758	929	3.26372
Location1	0.66966	0.597886	759	930	3.26452
Location1	0.947855	0.113593	760	931	3.26531
Location1	0.13275	0.668505	761	932	3.26609
Location1	0.244543	0.12395	762	933	3.26688
Location1	0.600349	0.105324	763	934	3.26767
Location1	0.205143	0.741258	764	935	3.26845
Location1	0.365749	0.565673	765	936	3.26923
Location1	0.121196	0.141819	766	937	3.27001
Location1	0.304341	0.950509	767	938	3.27079
Location1	0.498715	0.540262	768	939	3.27157
Location0	0.99486	0.686143	768	940	3.26809
Location0	0.145452	0.991885	768	941	3.26461
Location1	0.770156	0.0352555	769	942	3.26539
Location0	0.84733	0.763877	769	943	3.26193
Location1	0.0228919	0.559286	770	944	3.26271
Location0	0.866563	0.692552	770	945	3.25926
Location1	0.157172	0.814419	771	946	3.26004
Location1	0.806144	0.289922	772	947	3.26082
Location1	0.482924	0.0506869	773	948	3.2616
Location1	0.413873	0.0832734	774	949	3.26238
Location1	0.15601	0.619015	775	950	3.26316
Location1	0.824531	0.521759	776	951	3.26393
Location1	0.184688	0.945727	777	952	3.26471
Location1	0.663578	0.489029	778	953	3.26548
Location1	0.896236	0.162293	779	954	3.26625
Location1	0.0292907	0.891096	780	955	3.26702
Location1	0.848436	0.174743	781	956	3.26778
Location0	0.882981	0.618593	781	957	3.26437
Location1	0.209998	0.730311	782	958	3.26514
Location1	0.38247	0.23289	783	959	3.2659
Location1	0.289597	0.249033	784	960	3.26667
Location0	0.925442	0.44677	784	961	3.26327
Location1	0.0634516	0.731586	785	962	3.26403
Location1	0.736692	0.546376	786	963	3.2648
Location1	0.782273	0.150564	787	964	3.26556
Location0	0.629649	0.938283	787	965	3.26218
Location1	0.76958	0.45418	788	966	3.26294
Location0	0.460043	0.954268	788	967	3.25957
Location1	0.399907	0.123621	789	968	3.26033
Location1	0.443297	0.296143	790	969	3.26109
Location1	0.285914	0.472587	791	970	3.26186
Location1	0.18724	0.134351	792	971	3.26262
Location1	0.64733	0.0702206	793	972	3.26337
Location0	0.752943	0.857329	793	973	3.26002
Location1	0.800531	0.135413	794	974	3.26078
Location1	0.0902187	0.0901286	795	975	3.26154
Location1	0.384446	0.0156606	796	976	3.2623
Location1	0.536898	0.447898	797	977	3.26305
Location1	0.747247	0.27359	798	978	3.2638
Location0	0.994274	0.52952	798	979	3.26047
Location1	0.424155	0.623922	799	980	3.26122
Location1	0.467803	0.193734	800	981	3.26198
Location1	0.0781028	0.927845	801	982	3.26273
Location1	0.148002	0.47801	802	983	3.26348
Location1	0.0514664	0.591299	803	984	3.26423
Location1	0.774154	0.337381	804	985	3.26497
Location1	0.0638861	0.961393	805	986	3.26572
Location1	0.471731	0.711216	806	987	3.26646
Location1	0.0316138	0.224675	807	988	3.26721
Location0	0.568545	0.832145	807	989	3.2639
Location1	0.360088	0.658764	808	990	3.26465
Location0	0.922274	0.744534	808	991	3.26135
Location1	0.674424	0.459172	809	992	3.2621
Location1	0.192432	0.421671	810	993	3.26284
Location1	0.732762	0.186706	811	994	3.26358
Location1	0.95119	0.156917	812	995	3.26432
Location1	0.810628	0.418993	813	996	3.26506
Location1	0.350651	0.888731	814	997	3.2658
Location1	0.346839	0.498653	815	998	3.26653
Location1	0.366741	0.398305	816	999	3.26727
Location1	0.0899514	0.140895	817	1000	3.268
