# ./randemo6 N=100 seed=1231
Location1	0.644792	0.473856	1	1	4
Location1	0.0361723	0.0285249	2	2	4
Location0	0.762846	0.80717	2	3	2.66667
Location1	0.387399	0.143305	3	4	3
Location1	0.0325623	0.199202	4	5	3.2
Location1	0.119225	0.269345	5	6	3.33333
Location1	0.979536	0.197966	6	7	3.42857
Location1	0.140461	0.280498	7	8	3.5
Location1	0.53028	0.288223	8	9	3.55556
Location1	0.372643	0.713171	9	10	3.6
Location1	0.550404	0.0733284	10	11	3.63636
Location1	0.671334	0.318747	11	12	3.66667
Location1	0.238004	0.551659	12	13	3.69231
Location1	0.683391	0.295533	13	14	3.71429
Location0	0.941422	0.784324	13	15	3.46667
Location1	0.475058	0.586214	14	16	3.5
Location1	0.258179	0.51123	15	17	3.52941
Location1	0.614739	0.0210255	16	18	3.55556
Location1	0.3184	0.00213762	17	19	3.57895
Location1	0.16433	0.350963	18	20	3.6
Location1	0.20134	0.283555	19	21	3.61905
Location1	0.620307	0.180876	20	22	3.63636
Location1	0.481521	0.760768	21	23	3.65217
Location1	0.461373	0.011801	22	24	3.66667
Location1	0.0489916	0.834017	23	25	3.68
Location1	0.724972	0.599396	24	26	3.69231
Location1	0.907345	0.396306	25	27	3.7037
Location1	0.918143	0.145349	26	28	3.71429
Location0	0.947965	0.601534	26	29	3.58621
Location1	0.440882	0.889386	27	30	3.6
Location1	0.385858	0.91594	28	31	3.6129
Location1	0.4756	0.644037	29	32	3.625
Location1	0.42717	0.0903387	30	33	3.63636
Location1	0.665063	0.74557	31	34	3.64706
Location1	0.0924763	0.829393	32	35	3.65714
Location1	0.0965328	0.293816	33	36	3.66667
Location1	0.112948	0.71684	34	37	3.67568
Location1	0.474692	0.594469	35	38	3.68421
Location0	0.477608	0.936065	35	39	3.58974
Location1	0.60627	0.5266	36	40	3.6
Location1	0.770082	0.331242	37	41	3.60976
Location1	0.125996	0.677427	38	42	3.61905
Location1	0.727548	0.0441394	39	43	3.62791
Location0	0.822777	0.675513	39	44	3.54545
Location1	0.645674	0.263659	40	45	3.55556
Location1	0.564899	0.0315316	41	46	3.56522
Location1	0.179598	0.0404994	42	47	3.57447
Location1	0.675569	0.606768	43	48	3.58333
Location1	0.130838	0.340632	44	49	3.59184
Location1	0.352338	0.223314	45	50	3.6
Location1	0.170024	0.448871	46	51	3.60784
Location1	0.517131	0.282972	47	52	3.61538
Location0	0.165711	0.991823	47	53	3.54717
Location0	0.877441	0.643319	47	54	3.48148
Location0	0.927888	0.483711	47	55	3.41818
Location1	0.169919	0.69797	48	56	3.42857
Location1	0.814953	0.295915	49	57	3.4386
Location1	0.375398	0.542502	50	58	3.44828
Location1	0.340055	0.198174	51	59	3.45763
Location0	0.218014	0.985728	51	60	3.4
Location1	0.461833	0.782914	52	61	3.40984
Location1	0.01726	0.641431	53	62	3.41935
Location0	0.823413	0.692829	53	63	3.36508
Location1	0.248199	0.954251	54	64	3.375
Location1	0.0334606	0.600537	55	65	3.38462
Location1	0.177566	0.203485	56	66	3.39394
Location1	0.0494077	0.694696	57	67	3.40299
Location1	0.486457	0.215119	58	68	3.41176
Location1	0.686519	0.363899	59	69	3.42029
Location0	0.858438	0.614407	59	70	3.37143
Location1	0.84761	0.0283575	60	71	3.38028
Location1	0.312377	0.662564	61	72	3.38889
Location1	0.324273	0.687775	62	73	3.39726
Location1	0.205065	0.664328	63	74	3.40541
Location1	0.885949	0.423079	64	75	3.41333
Location1	0.650056	0.347781	65	76	3.42105
Location1	0.205993	0.667316	66	77	3.42857
Location1	0.989212	0.0294061	67	78	3.4359
Location1	0.360145	0.237411	68	79	3.44304
Location0	0.983657	0.393606	68	80	3.4
Location1	0.837948	0.161223	69	81	3.40741
Location0	0.597091	0.887356	69	82	3.36585
Location1	0.855919	0.0835482	70	83	3.37349
Location1	0.102474	0.542438	71	84	3.38095
Location0	0.447447	0.960912	71	85	3.34118
Location1	0.156845	0.295057	72	86	3.34884
Location0	0.98927	0.469222	72	87	3.31034
Location0	0.957621	0.313543	72	88	3.27273
Location1	0.156997	0.162686	73	89	3.2809
Location1	0.977871	0.0429456	74	90	3.28889
Location1	0.585765	0.627927	75	91	3.2967
Location1	0.390727	0.791758	76	92	3.30435
Location1	0.295243	0.379939	77	93	3.31183
Location0	0.821164	0.655388	77	94	3.2766
Location0	0.617351	0.804821	77	95	3.24211
Location1	0.0489942	0.455299	78	96	3.25
Location0	0.966044	0.646085	78	97	3.21649
Location1	0.342654	0.821964	79	98	3.22449
Location1	0.729633	0.445129	80	99	3.23232
Location1	0.364402	0.17708	81	100	3.24
