0	0.991000
1	0.982000
2	0.974000
3	0.966000
4	0.959000
5	0.949000
6	0.938000
7	0.922000
8	0.908000
9	0.901000
10	0.884000
11	0.870000
12	0.860000
13	0.855000
14	0.843000
15	0.834000
16	0.821000
17	0.806000
18	0.801000
19	0.797000
20	0.794000
21	0.783000
22	0.774000
23	0.764000
24	0.757000
25	0.752000
26	0.745000
27	0.741000
28	0.732000
29	0.726000
30	0.718000
31	0.708000
32	0.699000
33	0.687000
34	0.676000
35	0.672000
36	0.666000
37	0.659000
38	0.650000
39	0.642000
40	0.634000
41	0.627000
42	0.622000
43	0.614000
44	0.607000
45	0.603000
46	0.597000
47	0.591000
48	0.583000
49	0.577000
50	0.571000
51	0.566000
52	0.564000
53	0.558000
54	0.551000
55	0.546000
56	0.541000
57	0.537000
58	0.532000
59	0.531000
60	0.525000
61	0.520000
62	0.514000
63	0.509000
64	0.509000
65	0.507000
66	0.502000
67	0.501000
68	0.497000
69	0.492000
70	0.486000
71	0.481000
72	0.476000
73	0.472000
74	0.467000
75	0.462000
76	0.459000
77	0.448000
78	0.445000
79	0.440000
80	0.436000
81	0.430000
82	0.425000
83	0.418000
84	0.416000
85	0.411000
86	0.409000
87	0.405000
88	0.398000
89	0.396000
90	0.392000
91	0.386000
92	0.383000
93	0.381000
94	0.379000
95	0.373000
96	0.370000
97	0.366000
98	0.358000
99	0.354000
100	0.353000
101	0.347000
102	0.343000
103	0.341000
104	0.335000
105	0.335000
106	0.331000
107	0.330000
108	0.329000
109	0.328000
110	0.323000
111	0.322000
112	0.318000
113	0.315000
114	0.308000
115	0.305000
116	0.301000
117	0.300000
118	0.297000
119	0.294000
120	0.290000
121	0.287000
122	0.282000
123	0.277000
124	0.275000
125	0.272000
126	0.266000
127	0.263000
128	0.263000
129	0.260000
130	0.258000
131	0.256000
132	0.252000
133	0.250000
134	0.248000
135	0.246000
136	0.245000
137	0.242000
138	0.240000
139	0.236000
140	0.233000
141	0.230000
142	0.228000
143	0.226000
144	0.225000
145	0.224000
146	0.222000
147	0.221000
148	0.219000
149	0.218000
150	0.216000
151	0.214000
152	0.214000
153	0.211000
154	0.211000
155	0.210000
156	0.208000
157	0.207000
158	0.204000
159	0.203000
160	0.203000
161	0.199000
162	0.198000
163	0.194000
164	0.192000
165	0.188000
166	0.188000
167	0.186000
168	0.184000
169	0.180000
170	0.179000
171	0.176000
172	0.175000
173	0.173000
174	0.170000
175	0.169000
176	0.167000
177	0.164000
178	0.164000
179	0.163000
180	0.162000
181	0.159000
182	0.157000
183	0.155000
184	0.153000
185	0.151000
186	0.151000
187	0.148000
188	0.145000
189	0.144000
190	0.144000
191	0.142000
192	0.142000
193	0.139000
194	0.139000
195	0.139000
196	0.137000
197	0.135000
198	0.134000
199	0.134000
200	0.133000
201	0.133000
202	0.132000
203	0.131000
204	0.130000
205	0.128000
206	0.126000
207	0.124000
208	0.121000
209	0.119000
210	0.119000
211	0.118000
212	0.118000
213	0.114000
214	0.113000
215	0.112000
216	0.111000
217	0.108000
218	0.107000
219	0.107000
220	0.106000
221	0.106000
222	0.105000
223	0.103000
224	0.103000
225	0.102000
226	0.102000
227	0.102000
228	0.100000
229	0.099000
230	0.099000
231	0.099000
232	0.099000
233	0.096000
234	0.095000
235	0.094000
236	0.092000
237	0.090000
238	0.089000
239	0.089000
240	0.089000
241	0.088000
242	0.087000
243	0.087000
244	0.085000
245	0.084000
246	0.084000
247	0.084000
248	0.084000
249	0.083000
250	0.083000
251	0.082000
252	0.082000
253	0.081000
254	0.078000
255	0.073000
256	0.073000
257	0.072000
258	0.071000
259	0.071000
260	0.070000
261	0.070000
262	0.069000
263	0.068000
264	0.068000
265	0.068000
266	0.066000
267	0.064000
268	0.064000
269	0.063000
270	0.062000
271	0.060000
272	0.060000
273	0.060000
274	0.060000
275	0.060000
276	0.060000
277	0.060000
278	0.060000
279	0.058000
280	0.055000
281	0.055000
282	0.055000
283	0.055000
284	0.055000
285	0.054000
286	0.054000
287	0.054000
288	0.053000
289	0.053000
290	0.053000
291	0.053000
292	0.053000
293	0.052000
294	0.052000
295	0.052000
296	0.052000
297	0.050000
298	0.049000
299	0.048000
300	0.047000
301	0.047000
302	0.047000
303	0.045000
304	0.045000
305	0.045000
306	0.043000
307	0.043000
308	0.043000
309	0.042000
310	0.040000
311	0.040000
312	0.038000
313	0.037000
314	0.037000
315	0.036000
316	0.035000
317	0.035000
318	0.034000
319	0.033000
320	0.032000
321	0.032000
322	0.031000
323	0.031000
324	0.031000
325	0.030000
326	0.030000
327	0.030000
328	0.029000
329	0.029000
330	0.029000
331	0.029000
332	0.029000
333	0.029000
334	0.029000
335	0.028000
336	0.028000
337	0.028000
338	0.027000
339	0.027000
340	0.027000
341	0.027000
342	0.027000
343	0.027000
344	0.027000
345	0.027000
346	0.027000
347	0.027000
348	0.027000
349	0.027000
350	0.027000
351	0.027000
352	0.026000
353	0.026000
354	0.026000
355	0.026000
356	0.026000
357	0.026000
358	0.024000
359	0.024000
360	0.024000
361	0.024000
362	0.023000
363	0.023000
364	0.023000
365	0.023000
366	0.023000
367	0.022000
368	0.021000
369	0.021000
370	0.021000
371	0.021000
372	0.021000
373	0.021000
374	0.021000
375	0.020000
376	0.019000
377	0.019000
378	0.019000
379	0.019000
380	0.018000
381	0.017000
382	0.017000
383	0.017000
384	0.017000
385	0.017000
386	0.015000
387	0.015000
388	0.015000
389	0.015000
390	0.015000
391	0.014000
392	0.014000
393	0.014000
394	0.014000
395	0.013000
396	0.013000
397	0.013000
398	0.013000
399	0.013000
400	0.013000
401	0.012000
402	0.010000
403	0.009000
404	0.009000
405	0.009000
406	0.009000
407	0.009000
408	0.009000
409	0.009000
410	0.009000
411	0.009000
412	0.009000
413	0.009000
414	0.009000
415	0.009000
416	0.009000
417	0.009000
418	0.009000
419	0.009000
420	0.009000
421	0.009000
422	0.009000
423	0.009000
424	0.009000
425	0.009000
426	0.009000
427	0.009000
428	0.009000
429	0.009000
430	0.009000
431	0.009000
432	0.009000
433	0.009000
434	0.009000
435	0.009000
436	0.009000
437	0.009000
438	0.009000
439	0.009000
440	0.009000
441	0.009000
442	0.009000
443	0.009000
444	0.009000
445	0.009000
446	0.009000
447	0.009000
448	0.009000
449	0.009000
450	0.009000
451	0.009000
452	0.009000
453	0.009000
454	0.009000
455	0.008000
456	0.008000
457	0.008000
458	0.008000
459	0.008000
460	0.008000
461	0.008000
462	0.008000
463	0.008000
464	0.008000
465	0.008000
466	0.008000
467	0.008000
468	0.008000
469	0.008000
470	0.008000
471	0.008000
472	0.008000
473	0.008000
474	0.008000
475	0.008000
476	0.008000
477	0.008000
478	0.008000
479	0.008000
480	0.007000
481	0.007000
482	0.007000
483	0.007000
484	0.006000
485	0.006000
486	0.006000
487	0.006000
488	0.006000
489	0.006000
490	0.006000
491	0.006000
492	0.006000
493	0.006000
494	0.006000
495	0.006000
496	0.005000
497	0.005000
498	0.005000
499	0.005000
500	0.005000
