0	0.991000
1	0.982000
2	0.974000
3	0.966000
4	0.959000
5	0.949000
6	0.938000
7	0.922000
8	0.908000
9	0.901000
10	0.884000
11	0.870000
12	0.860000
13	0.855000
14	0.843000
15	0.834000
16	0.821000
17	0.806000
18	0.801000
19	0.797000
20	0.794000
21	0.783000
22	0.774000
23	0.764000
24	0.757000
25	0.752000
26	0.745000
27	0.741000
28	0.732000
29	0.726000
30	0.718000
31	0.708000
32	0.699000
33	0.687000
34	0.676000
35	0.672000
36	0.666000
37	0.659000
38	0.650000
39	0.642000
40	0.634000
41	0.627000
42	0.622000
43	0.614000
44	0.607000
45	0.603000
46	0.597000
47	0.591000
48	0.583000
49	0.577000
50	0.571000
51	0.566000
52	0.564000
53	0.558000
54	0.551000
55	0.546000
56	0.541000
57	0.537000
58	0.532000
59	0.531000
60	0.525000
61	0.520000
62	0.514000
63	0.509000
64	0.509000
65	0.507000
66	0.502000
67	0.501000
68	0.497000
69	0.492000
70	0.486000
71	0.481000
72	0.476000
73	0.472000
74	0.467000
75	0.462000
76	0.459000
77	0.448000
78	0.445000
79	0.440000
80	0.436000
81	0.430000
82	0.425000
83	0.418000
84	0.416000
85	0.411000
86	0.409000
87	0.405000
88	0.398000
89	0.396000
90	0.392000
91	0.386000
92	0.383000
93	0.381000
94	0.379000
95	0.373000
96	0.370000
97	0.366000
98	0.358000
99	0.354000
100	0.353000
101	0.347000
102	0.343000
103	0.341000
104	0.335000
105	0.335000
106	0.331000
107	0.330000
108	0.329000
109	0.328000
110	0.323000
111	0.322000
112	0.318000
113	0.315000
114	0.308000
115	0.305000
116	0.301000
117	0.300000
118	0.297000
119	0.294000
120	0.290000
121	0.287000
122	0.282000
123	0.277000
124	0.275000
125	0.272000
126	0.266000
127	0.263000
128	0.263000
129	0.260000
130	0.258000
131	0.256000
132	0.252000
133	0.250000
134	0.248000
135	0.246000
136	0.245000
137	0.242000
138	0.240000
139	0.236000
140	0.233000
141	0.230000
142	0.228000
143	0.226000
144	0.225000
145	0.224000
146	0.222000
147	0.221000
148	0.219000
149	0.218000
150	0.216000
151	0.214000
152	0.214000
153	0.211000
154	0.211000
155	0.210000
156	0.208000
157	0.207000
158	0.204000
159	0.203000
160	0.203000
161	0.199000
162	0.198000
163	0.194000
164	0.192000
165	0.188000
166	0.188000
167	0.186000
168	0.184000
169	0.180000
170	0.179000
171	0.176000
172	0.175000
173	0.173000
174	0.170000
175	0.169000
176	0.167000
177	0.164000
178	0.164000
179	0.163000
180	0.162000
181	0.159000
182	0.157000
183	0.155000
184	0.153000
185	0.151000
186	0.151000
187	0.148000
188	0.145000
189	0.144000
190	0.144000
191	0.142000
192	0.142000
193	0.139000
194	0.139000
195	0.139000
196	0.137000
197	0.135000
198	0.134000
199	0.134000
200	0.133000
201	0.133000
202	0.132000
203	0.131000
204	0.130000
205	0.128000
206	0.126000
207	0.124000
208	0.121000
209	0.119000
210	0.119000
211	0.118000
212	0.118000
213	0.114000
214	0.113000
215	0.112000
216	0.111000
217	0.108000
218	0.107000
219	0.107000
220	0.106000
221	0.106000
222	0.105000
223	0.103000
224	0.103000
225	0.102000
226	0.102000
227	0.102000
228	0.100000
229	0.099000
230	0.099000
231	0.099000
232	0.099000
233	0.096000
234	0.095000
235	0.094000
236	0.092000
237	0.090000
238	0.089000
239	0.089000
240	0.089000
241	0.088000
242	0.087000
243	0.087000
244	0.085000
245	0.084000
246	0.084000
247	0.084000
248	0.084000
249	0.083000
250	0.083000
251	0.082000
252	0.082000
253	0.081000
254	0.078000
255	0.073000
256	0.073000
257	0.072000
258	0.071000
259	0.071000
260	0.070000
261	0.070000
262	0.069000
263	0.068000
264	0.068000
265	0.068000
266	0.066000
267	0.064000
268	0.064000
269	0.063000
270	0.062000
271	0.060000
272	0.060000
273	0.060000
274	0.060000
275	0.060000
276	0.060000
277	0.060000
278	0.060000
279	0.058000
280	0.055000
281	0.055000
282	0.055000
283	0.055000
284	0.055000
285	0.054000
286	0.054000
287	0.054000
288	0.053000
289	0.053000
290	0.053000
291	0.053000
292	0.053000
293	0.052000
294	0.052000
295	0.052000
296	0.052000
297	0.050000
298	0.049000
299	0.048000
300	0.047000
301	0.047000
302	0.047000
303	0.045000
304	0.045000
305	0.045000
306	0.043000
307	0.043000
308	0.043000
309	0.042000
310	0.040000
311	0.040000
312	0.038000
313	0.037000
314	0.037000
315	0.036000
316	0.035000
317	0.035000
318	0.034000
319	0.033000
320	0.032000
321	0.032000
322	0.031000
323	0.031000
324	0.031000
325	0.030000
326	0.030000
327	0.030000
328	0.029000
329	0.029000
330	0.029000
331	0.029000
332	0.029000
333	0.029000
334	0.029000
335	0.028000
336	0.028000
337	0.028000
338	0.027000
339	0.027000
340	0.027000
341	0.027000
342	0.027000
343	0.027000
344	0.027000
345	0.027000
346	0.027000
347	0.027000
348	0.027000
349	0.027000
350	0.027000
351	0.027000
352	0.026000
353	0.026000
354	0.026000
355	0.026000
356	0.026000
357	0.026000
358	0.024000
359	0.024000
360	0.024000
361	0.024000
362	0.023000
363	0.023000
364	0.023000
365	0.023000
366	0.023000
367	0.022000
368	0.021000
369	0.021000
370	0.021000
371	0.021000
372	0.021000
373	0.021000
374	0.021000
375	0.020000
376	0.019000
377	0.019000
378	0.019000
379	0.019000
380	0.018000
381	0.017000
382	0.017000
383	0.017000
384	0.017000
385	0.017000
386	0.015000
387	0.015000
388	0.015000
389	0.015000
390	0.015000
391	0.014000
392	0.014000
393	0.014000
394	0.014000
395	0.013000
396	0.013000
397	0.013000
398	0.013000
399	0.013000
400	0.013000
401	0.012000
402	0.010000
403	0.009000
404	0.009000
405	0.009000
406	0.009000
407	0.009000
408	0.009000
409	0.009000
410	0.009000
411	0.009000
412	0.009000
413	0.009000
414	0.009000
415	0.009000
416	0.009000
417	0.009000
418	0.009000
419	0.009000
420	0.009000
421	0.009000
422	0.009000
423	0.009000
424	0.009000
425	0.009000
426	0.009000
427	0.009000
428	0.009000
429	0.009000
430	0.009000
431	0.009000
432	0.009000
433	0.009000
434	0.009000
435	0.009000
436	0.009000
437	0.009000
438	0.009000
439	0.009000
440	0.009000
441	0.009000
442	0.009000
443	0.009000
444	0.009000
445	0.009000
446	0.009000
447	0.009000
448	0.009000
449	0.009000
450	0.009000
451	0.009000
452	0.009000
453	0.009000
454	0.009000
455	0.008000
456	0.008000
457	0.008000
458	0.008000
459	0.008000
460	0.008000
461	0.008000
462	0.008000
463	0.008000
464	0.008000
465	0.008000
466	0.008000
467	0.008000
468	0.008000
469	0.008000
470	0.008000
471	0.008000
472	0.008000
473	0.008000
474	0.008000
475	0.008000
476	0.008000
477	0.008000
478	0.008000
479	0.008000
480	0.007000
481	0.007000
482	0.007000
483	0.007000
484	0.006000
485	0.006000
486	0.006000
487	0.006000
488	0.006000
489	0.006000
490	0.006000
491	0.006000
492	0.006000
493	0.006000
494	0.006000
495	0.006000
496	0.005000
497	0.005000
498	0.005000
499	0.005000
500	0.005000
501	0.005000
502	0.005000
503	0.005000
504	0.005000
505	0.005000
506	0.005000
507	0.005000
508	0.005000
509	0.005000
510	0.005000
511	0.005000
512	0.005000
513	0.005000
514	0.005000
515	0.005000
516	0.005000
517	0.005000
518	0.005000
519	0.005000
520	0.005000
521	0.005000
522	0.005000
523	0.004000
524	0.004000
525	0.004000
526	0.004000
527	0.004000
528	0.004000
529	0.004000
530	0.004000
531	0.004000
532	0.004000
533	0.004000
534	0.004000
535	0.004000
536	0.004000
537	0.004000
538	0.003000
539	0.003000
540	0.003000
541	0.003000
542	0.003000
543	0.002000
544	0.002000
545	0.002000
546	0.002000
547	0.002000
548	0.002000
549	0.002000
550	0.002000
551	0.002000
552	0.002000
553	0.002000
554	0.002000
555	0.002000
556	0.002000
557	0.002000
558	0.002000
559	0.002000
560	0.002000
561	0.002000
562	0.002000
563	0.002000
564	0.002000
565	0.002000
566	0.002000
567	0.002000
568	0.002000
569	0.002000
570	0.002000
571	0.002000
572	0.002000
573	0.002000
574	0.002000
575	0.002000
576	0.002000
577	0.002000
578	0.002000
579	0.002000
580	0.001000
581	0.001000
582	0.001000
583	0.001000
584	0.001000
585	0.001000
586	0.001000
587	0.001000
588	0.001000
589	0.001000
590	0.001000
591	0.001000
592	0.001000
593	0.001000
594	0.001000
595	0.001000
596	0.001000
597	0.001000
598	0.001000
599	0.001000
600	0.001000
601	0.001000
602	0.001000
603	0.001000
604	0.001000
605	0.001000
606	0.001000
607	0.001000
608	0.001000
609	0.000000
610	0.000000
611	0.000000
612	0.000000
613	0.000000
614	0.000000
615	0.000000
616	0.000000
617	0.000000
618	0.000000
619	0.000000
620	0.000000
621	0.000000
622	0.000000
623	0.000000
624	0.000000
625	0.000000
626	0.000000
627	0.000000
628	0.000000
629	0.000000
630	0.000000
631	0.000000
632	0.000000
633	0.000000
634	0.000000
635	0.000000
636	0.000000
637	0.000000
638	0.000000
639	0.000000
640	0.000000
641	0.000000
642	0.000000
643	0.000000
644	0.000000
645	0.000000
646	0.000000
647	0.000000
648	0.000000
649	0.000000
650	0.000000
651	0.000000
652	0.000000
653	0.000000
654	0.000000
655	0.000000
656	0.000000
657	0.000000
658	0.000000
659	0.000000
660	0.000000
661	0.000000
662	0.000000
663	0.000000
664	0.000000
665	0.000000
666	0.000000
667	0.000000
668	0.000000
669	0.000000
670	0.000000
671	0.000000
672	0.000000
673	0.000000
674	0.000000
675	0.000000
676	0.000000
677	0.000000
678	0.000000
679	0.000000
680	0.000000
681	0.000000
682	0.000000
683	0.000000
684	0.000000
685	0.000000
686	0.000000
687	0.000000
688	0.000000
689	0.000000
690	0.000000
691	0.000000
692	0.000000
693	0.000000
694	0.000000
695	0.000000
696	0.000000
697	0.000000
698	0.000000
699	0.000000
700	0.000000
701	0.000000
702	0.000000
703	0.000000
704	0.000000
705	0.000000
706	0.000000
707	0.000000
708	0.000000
709	0.000000
710	0.000000
711	0.000000
712	0.000000
713	0.000000
714	0.000000
715	0.000000
716	0.000000
717	0.000000
718	0.000000
719	0.000000
720	0.000000
721	0.000000
722	0.000000
723	0.000000
724	0.000000
725	0.000000
726	0.000000
727	0.000000
728	0.000000
729	0.000000
730	0.000000
731	0.000000
732	0.000000
733	0.000000
734	0.000000
735	0.000000
736	0.000000
737	0.000000
738	0.000000
739	0.000000
740	0.000000
741	0.000000
742	0.000000
743	0.000000
744	0.000000
745	0.000000
746	0.000000
747	0.000000
748	0.000000
749	0.000000
750	0.000000
751	0.000000
752	0.000000
753	0.000000
754	0.000000
755	0.000000
756	0.000000
757	0.000000
758	0.000000
759	0.000000
760	0.000000
761	0.000000
762	0.000000
763	0.000000
764	0.000000
765	0.000000
766	0.000000
767	0.000000
768	0.000000
769	0.000000
770	0.000000
771	0.000000
772	0.000000
773	0.000000
774	0.000000
775	0.000000
776	0.000000
777	0.000000
778	0.000000
779	0.000000
780	0.000000
781	0.000000
782	0.000000
783	0.000000
784	0.000000
785	0.000000
786	0.000000
787	0.000000
788	0.000000
789	0.000000
790	0.000000
791	0.000000
792	0.000000
793	0.000000
794	0.000000
795	0.000000
796	0.000000
797	0.000000
798	0.000000
799	0.000000
800	0.000000
801	0.000000
802	0.000000
803	0.000000
804	0.000000
805	0.000000
806	0.000000
807	0.000000
808	0.000000
809	0.000000
810	0.000000
811	0.000000
812	0.000000
813	0.000000
814	0.000000
815	0.000000
816	0.000000
817	0.000000
818	0.000000
819	0.000000
820	0.000000
821	0.000000
822	0.000000
823	0.000000
824	0.000000
825	0.000000
826	0.000000
827	0.000000
828	0.000000
829	0.000000
830	0.000000
831	0.000000
832	0.000000
833	0.000000
834	0.000000
835	0.000000
836	0.000000
837	0.000000
838	0.000000
839	0.000000
840	0.000000
841	0.000000
842	0.000000
843	0.000000
844	0.000000
845	0.000000
846	0.000000
847	0.000000
848	0.000000
849	0.000000
850	0.000000
851	0.000000
852	0.000000
853	0.000000
854	0.000000
855	0.000000
856	0.000000
857	0.000000
858	0.000000
859	0.000000
860	0.000000
861	0.000000
862	0.000000
863	0.000000
864	0.000000
865	0.000000
866	0.000000
867	0.000000
868	0.000000
869	0.000000
870	0.000000
871	0.000000
872	0.000000
873	0.000000
874	0.000000
875	0.000000
876	0.000000
877	0.000000
878	0.000000
879	0.000000
880	0.000000
881	0.000000
882	0.000000
883	0.000000
884	0.000000
885	0.000000
886	0.000000
887	0.000000
888	0.000000
889	0.000000
890	0.000000
891	0.000000
892	0.000000
893	0.000000
894	0.000000
895	0.000000
896	0.000000
897	0.000000
898	0.000000
899	0.000000
900	0.000000
901	0.000000
902	0.000000
903	0.000000
904	0.000000
905	0.000000
906	0.000000
907	0.000000
908	0.000000
909	0.000000
910	0.000000
911	0.000000
912	0.000000
913	0.000000
914	0.000000
915	0.000000
916	0.000000
917	0.000000
918	0.000000
919	0.000000
920	0.000000
921	0.000000
922	0.000000
923	0.000000
924	0.000000
925	0.000000
926	0.000000
927	0.000000
928	0.000000
929	0.000000
930	0.000000
931	0.000000
932	0.000000
933	0.000000
934	0.000000
935	0.000000
936	0.000000
937	0.000000
938	0.000000
939	0.000000
940	0.000000
941	0.000000
942	0.000000
943	0.000000
944	0.000000
945	0.000000
946	0.000000
947	0.000000
948	0.000000
949	0.000000
950	0.000000
951	0.000000
952	0.000000
953	0.000000
954	0.000000
955	0.000000
956	0.000000
957	0.000000
958	0.000000
959	0.000000
960	0.000000
961	0.000000
962	0.000000
963	0.000000
964	0.000000
965	0.000000
966	0.000000
967	0.000000
968	0.000000
969	0.000000
970	0.000000
971	0.000000
972	0.000000
973	0.000000
974	0.000000
975	0.000000
976	0.000000
977	0.000000
978	0.000000
979	0.000000
980	0.000000
981	0.000000
982	0.000000
983	0.000000
984	0.000000
985	0.000000
986	0.000000
987	0.000000
988	0.000000
989	0.000000
990	0.000000
991	0.000000
992	0.000000
993	0.000000
994	0.000000
995	0.000000
996	0.000000
997	0.000000
998	0.000000
999	0.000000
1000	0.000000
